1.055297479857093919e+02
1.058039197957941298e+02
1.786085722481104483e+02
7.938287809626211811e+01
5.295868706002003989e+01
9.887263853643761990e+01
1.507175544764975541e+02
3.486515216088594116e+01
1.131353572730736659e+02
1.615018403829742226e+02
1.358615611003980632e+02
9.471592221887034668e+01
1.384809442188430353e+02
1.413744172348528423e+02
1.587686266185707211e+02
1.716528861629451512e+02
1.064483565428998304e+02
1.039265963932011942e+02
9.538693889461579545e+01
1.674011809188688460e+02
1.665342627847634276e+02
1.015346471246482452e+02
2.524503597223728946e+02
1.470225854712988394e+02
2.147890663172387633e+02
1.612755710581616313e+02
2.106131522792264832e+02
7.178091584840122152e+01
1.896503243114863722e+02
2.066134258967639425e+02
2.199864345514777426e+02
1.688019253389115875e+02
1.168484612685511621e+02
1.787439963864530910e+02
7.703247417925604168e+01
5.954633213675440118e+01
1.115673780974742044e+02
1.569518673934963999e+02
1.545959125927121534e+02
1.989445749340366945e+02
1.155388401714322697e+02
1.534669902409518158e+02
8.496179518324959190e+01
1.137033719246790184e+02
1.421415561671659873e+02
1.473104037801857942e+02
8.278072358043385748e+01
7.789237327305660585e+01
1.289900619198625122e+02
2.615871228240922619e+02
2.133118777542096325e+02
2.439879125685193344e+02
1.676813209377448288e+02
1.836971212443835384e+02
1.668592688407043170e+02
2.021144018800507354e+02
2.203923554309683652e+02
1.724028802354880270e+02
1.766089793052865105e+02
1.090465656729770956e+02
2.763778983634675797e+02
9.099941820617246435e+01
2.893722114694556353e+02
1.195625335135541008e+02
7.545687948249529597e+01
1.807859875869466180e+02
1.466209308063055801e+02
1.564238246490242830e+02
4.107903600214831386e+01
2.479064516566987493e+02
2.079912143219175960e+02
9.009641075204537231e+01
2.222416963756735981e+02
1.898637800553063926e+02
1.822695375960903448e+02
1.643988137612201967e+02
1.902706658706384815e+02
1.054486794978475643e+02
1.998613639376803235e+02
2.457963879952550030e+02
1.232028133377136498e+02
1.194103190818285469e+02
1.458662041134262495e+02
2.061924729134085510e+02
1.508628245346238828e+02
1.422322164587772590e+02
1.545687461645109408e+02
1.152923339599172863e+02
1.340781012291033107e+02
1.184222540363139444e+02
2.035767555025117872e+02
1.706648379683468306e+02
1.274097970001362370e+02
5.713507633640985262e+01
2.319222650280819380e+02
1.852071365359226718e+02
1.873749455767741949e+02
8.355920848867449990e+01
1.854258568459898981e+02
2.173403563891982344e+02
1.088671535396691610e+02
8.098714568385739199e+01
1.270552412341887134e+02
2.420073879242078760e+02
1.559723414023092971e+02
1.256757527639257290e+02
2.464123564280080245e+02
2.349639329996005586e+02
1.915129825227667197e+02
1.683325447725816275e+02
1.630296517764111854e+02
